00190019
00000000
00190000
00000000
00000000
00000019
00000000
00000000
00001900
00000000
00000000
19000019
00000000
00001900
00000000
00190019
1b1b0000
0000001b
1b000000
00000000
00000000
00000000
00000000
1b000000
00000000
0000001b
00000000
1b030000
00000000
1b000000
1b000000
00000000
03000000
001b0000
00000000
0000001b
00000000
00000000
1b00001b
00000000
001b0000
00000000
00000000
1b1b0000
00000000
001b0000
00000000
00001b00
00001000
00000000
00000000
00000010
00101000
10000010
10000000
10101000
00100000
10100000
00000000
00000000
10000000
00000010
00000000
00000000
00000000
00232300
00000000
00000000
00000000
00002300
00000000
00000023
00230000
00000000
00000000
00000000
00000000
00000023
00230004
00000000
00000000
33000000
00000000
00000000
33003300
00000000
00000000
00000000
00000000
00000000
00000000
00003300
00000000
00000000
00330000
00000000
0000000d
0d000000
000d0d00
00000d00
000d000d
000d0000
0d00000d
00000000
0d0d0000
000d0d00
0d000000
00000000
000d0d0d
00000000
00000001
00000d00
00000014
00140000
00000000
00000000
00000014
14000000
00140000
00000005
00000000
14141400
14000000
14000014
00000000
00000000
00000000
14000000
00000000
00001200
00000000
00000000
00120012
12000000
00120000
00000000
12120000
12120000
00000000
12000012
00000012
00000000
00000012
12000000
0b00000b
00000000
0000000b
0000000b
00000b00
02000000
000b000b
00000000
0b0b0b0b
0b0b0000
0b000500
00000b00
000b0000
0b000b00
0b0b0000
00000b00
00000010
10000000
00000000
00000000
10000000
00001000
10000000
00001010
00000000
00000000
00001000
10001000
00100010
00100002
00001010
00000000
00000000
00001b00
00031b00
001b0000
00000000
00000000
00000000
00000000
0000001b
0000001b
00000000
00001b00
00000000
1b000000
1b000000
0000001b
00000000
0000001f
0000001f
0000001f
00001f00
001f0000
00000000
00000000
001f0000
00000000
00001f00
00000000
00000000
00000000
1f000000
00000000
1f000000
00000000
00000000
00000000
00000000
1f000000
001f0000
1f1f0000
00000000
00000000
0000001f
00000000
00001f00
0000001f
00000000
00000000
00000000
24000000
00000000
00000000
00000000
00000000
24000000
00002400
00000000
24000024
00240000
00000000
00000000
00240000
00000000
00000000
00000000
00000000
00002626
00000026
00000000
26000000
00000000
00000000
00000000
00020000
00000026
00000000
00000000
00260000
00000000
00000013
00000c00
0000000c
00000000
0000000c
00000c00
0000000c
0c000c0c
000c000c
000c0000
0c000000
00000c00
000c0c00
00000c0c
00000000
0c000c0c
00000000
00000000
00150000
00001500
00000000
15000000
00000015
00150000
15000015
00001515
00000000
00000000
00000000
00001500
00000000
00150000
00150000
00000000
00000015
00001500
15150000
00000000
00000000
00000000
15150000
00000000
00000015
00000000
15000000
00001500
00000000
00000000
00151515
00170000
17000000
00170000
00001700
00001700
00000000
00000000
00000000
00000017
00000017
00170000
00000000
00000017
00000000
17000000
00170000
000f0f00
0f000000
00000000
0000000f
0000000f
00000000
0f000000
0f000000
0f0f0000
00000000
00000000
00000f00
000f0000
0f000f00
000f0000
000f0f00
000f0f00
00000000
0000000f
0000000f
000f000f
0300000f
00000000
00000f00
000f000f
000f0000
0000000f
000f0000
00000f00
00000000
00000000
000f000f
00000000
00000015
00000000
00000000
00000000
00000000
00001515
15001500
15000000
00000015
00000000
00000000
00000000
00150000
15001500
00150015
00000000
000f0000
00000000
000f0003
0000000f
00000000
0f000000
000f0f0f
00000000
0f000000
0f0f0000
00000000
00070000
000f0f0f
00000f0f
00000f00
12000000
00000012
00000000
00000012
00000000
00000000
00000012
00120012
00001200
00000000
00000000
12121200
00000000
12120000
12000012
00000000
000d0d00
00000000
0d0d0000
000d0000
000d000d
000d0000
0d0d0000
00000000
00000d00
00000d00
0d0d0d00
000d0d0d
00000d00
00000000
00000000
00000000
000d0000
0d000d00
000d000d
00000000
0d0d000d
00000000
0d000000
00000000
0d00000d
0000000d
00000000
00000d00
000d0000
0d00000d
0d0d0000
000d0000
00000000
00000000
00000000
00000018
0c001800
00000000
00000018
00000000
00000000
00000000
00180000
00000000
00000000
18001800
18001818
18000000
00000000
00000000
00000000
00000000
00000013
00001313
13000000
13001300
00000000
13000000
13000000
13131300
00000000
00130000
00000000
00130000
0e000000
00000000
0e00000e
0e000000
00000000
0e000e00
000e000e
0000000e
00030000
00000000
00000e00
0e0e000e
0000000e
000e0000
00000e0e
00000000
00000000
0100001f
00000000
00000000
1f000000
00000000
00001f00
0000001f
00000000
00000000
00000000
1f000000
00000000
1f1f0000
00001f00
00000000
00000011
00000000
00000000
00000000
11000000
00000000
00110011
00000011
11000000
11000011
00000000
11110000
00001100
00000000
00040011
00001111
00000000
12121200
00000000
12000000
12000000
00001200
00000000
00000000
00000000
12000012
12000000
12001200
00000000
00001200
00120000
00120000
00000000
0f00000f
00000000
0f000000
00000000
0f000000
0000000f
00030000
0f0f000f
000f0000
00000f0f
0f00000f
000f0000
00000f00
00000000
00000f00
00001900
00000000
00000000
00000019
00000019
00001900
19000000
00000000
00000000
19000000
00000000
00001900
00000000
00190000
00190000
00000019
00000c00
0000000c
00000000
0c000c00
000c000c
00000c00
0c000000
0c0c000c
00000000
00000000
0000000c
00000000
0c000000
0c0c000c
000c0000
0c0c000c
00000017
00000000
00000000
00000000
17000017
00000017
17000000
00000000
17000000
00001700
00000000
17000000
00001700
00170000
00000017
00000000
00270000
00000000
00001300
00000000
00000000
00000000
00002700
27000000
00000000
00000000
00000000
00000000
00000000
00002700
00000000
00272700
00001200
00000012
12120000
00120000
00120012
00000000
00000000
00000000
12000000
00120000
00000012
00120012
00001200
00000000
00001200
00000000
00000000
1e1e0000
00000000
00000000
00001e00
1e000000
00000000
0000001e
001e0000
1e00001e
0f000000
00000000
00000000
00000000
00000000
00000000
19190000
00001900
00000000
00000019
00001900
00000000
19000000
00000000
00000000
00000000
00000000
00190019
00001900
00000000
00001900
00000000
00000000
00000000
00000000
00000000
00000000
00000000
24000000
00240000
00000000
00000000
00240000
00000000
00000000
24240024
00000000
24000000
00000012
12001200
00000000
00000000
00000000
00001200
00000012
00001200
00000012
00000012
00001200
00000000
12120012
00000012
00120000
00000000
00000000
00000000
00000000
00000000
00240024
00000000
00000000
00000000
00000024
00000024
00240000
00000000
24000000
00000000
24000000
00000000
000c000c
00000000
0c000c0c
000c0000
0c00000c
0c0c0000
000c0000
000c0c00
00000000
00000000
00000c00
0000000c
00000000
000c0c0c
00000c0c
00000c00
13130000
00000000
13000000
00000000
00000000
00001300
00000000
00000000
00000000
00000013
00131300
00131300
00000000
00000000
13130013
00130000
00000000
0000001a
00000000
00000000
1a000000
1a000000
00000000
00000000
001a0000
001a0000
00001a00
00000000
1a1a0000
00000006
0000001a
0000000d
00001f00
00000000
1f000000
0000001f
0000001f
0000001f
1f000000
00000000
00000000
00001f00
00000000
00000000
00000000
001f0000
00000000
00000000
00002300
00000000
00000000
00000000
00000000
04000000
00000000
23000000
00000000
00002300
00000000
00000000
23000000
23002300
00000000
00000023
00020000
00000015
00001500
00000015
00000000
00150000
00000015
00000000
00000000
00001500
00000015
00000000
15000015
15000000
00000015
00150000
00100000
00000200
00000010
00100000
10000000
10000010
00100000
00000000
10100010
00000000
00001000
00000000
10000010
00000000
00100010
00000000
0d0d0d00
00000d00
03000d00
0d0d0000
00000000
00000000
000d0000
0000000d
0000000d
0000000d
00000000
0d0d0d00
00000d0d
00000000
0d000000
00000d00
00121212
00000000
00000000
00000012
00000000
00000000
12000000
12001200
00000000
00000000
00001200
00000000
12000000
01121200
12120000
00120000
000c000c
000c0c0c
000c0000
00000000
00000000
000c0000
000c0000
00000000
0c0c000c
000c0c00
0000000c
0000000c
0000000c
0c00000c
000c000c
0000000c
00001f00
001f0000
00000000
00001f1f
00000000
00000000
00000000
00000000
00001f00
00001f00
00000000
00000000
00001f00
00000000
00001f00
00000000
00000000
00000000
00000000
00000000
00001500
15000000
00000015
00150000
00000000
00150000
00001500
15000000
15000000
15001515
00000000
15000000
00000019
00000000
00190000
00000000
19000000
00001900
00000000
00190000
00000000
00000000
00190000
00000000
00190000
00190000
19001900
00000000
11001100
00000000
11000011
00000011
00111100
00000000
00000011
00001100
00110000
00000000
00110000
11000000
00000000
00000000
00111111
00000000
00000019
19000000
00000000
00000000
00001900
00000000
00000019
00000000
00000000
00000000
19001900
00000000
00000000
00190000
19190000
00190000
16161600
00000000
00000016
00000000
00000000
00001600
00000200
00000000
16160016
00000000
00000000
00000000
00000016
00000000
00160000
00160000
00000000
00000017
00000000
00171700
00000017
00001700
17170000
00000000
00000000
00000000
00170017
00000000
00170000
00000000
00000000
00170000
17000000
00000000
00001700
00000000
17000000
00000000
00001700
00000017
00000000
00170000
00000000
00000000
00000000
00170000
00170000
00171717
15150015
00150015
15000000
00000000
00000000
15000000
00000015
00000000
00000000
00000000
00000000
00150015
00000000
00000000
00000015
00000015
00000000
00330000
00000000
00003300
00000000
00000033
33000000
00000000
00000033
00000000
00000000
00000000
00000000
00000000
00000000
00000000
